0.996396 0.067542 0.000000
1.069077 0.090205 0.000000
1.143942 0.104282 0.000000
1.219608 0.113189 0.000000
1.295642 0.118041 0.000000
1.371831 0.118354 0.000000
1.447929 0.114565 0.000000
1.523741 0.106933 -0.000000
1.599151 0.096013 -0.000000
1.674125 0.082410 0.000000
1.748756 0.067025 0.000000
1.823120 0.050392 0.000000
1.897186 0.032482 0.000000
1.970913 0.013227 -0.000000
2.043913 -0.008595 -0.000000
2.115513 -0.034610 -0.000000
2.113365 -0.046428 0.000000
2.040013 -0.034477 0.000000
1.965964 -0.028014 -0.000000
1.891663 -0.025647 -0.000000
1.817325 -0.026193 0.000000
1.743044 -0.029231 0.000000
1.668851 -0.033976 0.000000
1.594759 -0.040123 -0.000000
1.520720 -0.046872 -0.000000
1.446612 -0.052783 0.000000
1.372337 -0.055749 0.000000
1.298030 -0.053838 0.000000
1.224019 -0.046968 0.000000
1.150483 -0.036107 0.000000
1.077350 -0.022736 -0.000000
1.004431 -0.008292 0.000000
0.940781 0.025474 0.075068
0.943247 0.029216 0.150135
0.945714 0.032958 0.225203
0.948181 0.036700 0.300270
0.950648 0.040442 0.375338
0.953114 0.044179 0.450406
0.955497 0.047288 0.525505
0.957880 0.050397 0.600604
0.960263 0.053506 0.675703
0.962647 0.056615 0.750802
0.965030 0.059724 0.825902
0.967412 0.062826 0.901001
0.969708 0.065506 0.976120
0.972004 0.068185 1.051238
0.974300 0.070865 1.126356
0.976597 0.073544 1.201475
0.978893 0.076224 1.276593
0.981187 0.078898 1.351712
0.983393 0.081352 1.426841
0.985599 0.083805 1.501970
0.987805 0.086258 1.577098
0.990011 0.088711 1.652227
0.992217 0.091164 1.727356
0.994420 0.093617 1.802485
0.996517 0.096070 1.877617
0.998613 0.098522 1.952749
1.000709 0.100974 2.027881
1.002806 0.103427 2.103013
1.004902 0.105879 2.178145
1.006998 0.108331 2.253277
1.009095 0.110784 2.328409
1.011187 0.113246 2.403541
1.013153 0.116028 2.478665
1.015118 0.118810 2.553789
1.017084 0.121592 2.628913
1.019049 0.124375 2.704037
1.021015 0.127157 2.779161
1.022981 0.129939 2.854285
1.024946 0.132722 2.929410
1.026907 0.135525 3.004533
1.028736 0.138998 3.079632
1.030565 0.142471 3.154731
1.032393 0.145944 3.229829
1.034222 0.149417 3.304928
1.036051 0.152890 3.380027
1.037879 0.156363 3.455126
1.039708 0.159836 3.530225
1.041532 0.163343 3.605322
1.043217 0.167867 3.680368
1.044902 0.172391 3.755414
1.046588 0.176915 3.830460
1.048273 0.181438 3.905506
1.049959 0.185962 3.980552
1.051644 0.190486 4.055598
1.053329 0.195009 4.130644
1.055010 0.199574 4.205688
1.056565 0.205305 4.280654
1.058120 0.211036 4.355620
1.059674 0.216767 4.430586
1.061229 0.222498 4.505553
1.062783 0.228229 4.580519
1.064334 0.234002 4.655481
1.065773 0.240990 4.730343
1.067211 0.247978 4.805205
1.068649 0.254967 4.880067
1.070088 0.261955 4.954928
1.071526 0.268944 5.029790
1.072961 0.275974 5.104648
1.074279 0.284417 5.179362
1.075597 0.292861 5.254076
1.076915 0.301304 5.328790
1.078233 0.309748 5.403503
1.079551 0.318191 5.478217
1.080867 0.326666 5.552927
1.082061 0.336758 5.627439
1.083255 0.346850 5.701950
1.084448 0.356942 5.776461
1.085642 0.367035 5.850972
1.086836 0.377127 5.925483
1.739566 0.429566 5.926039
1.743122 0.420850 5.852077
1.746678 0.412134 5.778116
1.750234 0.403419 5.704154
1.753791 0.394703 5.630193
1.757347 0.385987 5.556232
1.761244 0.378164 5.482189
1.765164 0.370402 5.408139
1.769084 0.362639 5.334090
1.773004 0.354877 5.260041
1.776924 0.347115 5.185992
1.780844 0.339353 5.111943
1.785071 0.332296 5.037841
1.789344 0.325343 4.963731
1.793616 0.318390 4.889621
1.797889 0.311437 4.815511
1.802162 0.304484 4.741401
1.806434 0.297531 4.667291
1.810982 0.291114 4.593149
1.815596 0.284826 4.519001
1.820210 0.278537 4.444851
1.824824 0.272248 4.370703
1.829438 0.265959 4.296554
1.834052 0.259670 4.222405
1.838950 0.253815 4.148239
1.843948 0.248112 4.074068
1.848946 0.242409 3.999897
1.853944 0.236707 3.925725
1.858942 0.231004 3.851554
1.863940 0.225301 3.777382
1.868938 0.219598 3.703211
1.873936 0.213895 3.629039
1.879207 0.208472 3.554866
1.884626 0.203202 3.480693
1.890045 0.197931 3.406519
1.895464 0.192661 3.332345
1.900883 0.187391 3.258171
1.906303 0.182120 3.183997
1.911722 0.176850 3.109824
1.917141 0.171579 3.035650
1.922781 0.166404 2.961486
1.928602 0.161307 2.887331
1.934424 0.156210 2.813175
1.940245 0.151113 2.739020
1.946067 0.146016 2.664864
1.951888 0.140919 2.590709
1.957710 0.135822 2.516553
1.963531 0.130725 2.442398
1.969524 0.125589 2.368259
1.975729 0.120407 2.294141
1.981934 0.115225 2.220022
1.988140 0.110042 2.145904
1.994345 0.104860 2.071785
2.000550 0.099678 1.997667
2.006755 0.094495 1.923549
2.012960 0.089313 1.849431
2.019274 0.084034 1.775329
2.025800 0.078570 1.701258
2.032326 0.073106 1.627188
2.038851 0.067642 1.553118
2.045377 0.062178 1.479047
2.051903 0.056713 1.404977
2.058497 0.051145 1.330921
2.065286 0.045278 1.256905
2.072075 0.039411 1.182889
2.078864 0.033544 1.108873
2.085653 0.027677 1.034857
2.092442 0.021810 0.960841
2.099275 0.015848 0.886837
2.106316 0.009433 0.812891
2.113357 0.003019 0.738944
2.120399 -0.003395 0.664997
2.127440 -0.009810 0.591050
2.134481 -0.016224 0.517103
2.141544 -0.022700 0.443164
2.148827 -0.029806 0.369304
2.156109 -0.036912 0.295444
2.163392 -0.044018 0.221583
2.170675 -0.051124 0.147723
2.177957 -0.058230 0.073863
1.145984 0.430731 6.000000
1.217121 0.453774 6.000000
1.290486 0.468372 6.000000
1.364973 0.475340 6.000000
1.439797 0.475800 6.000000
1.514531 0.471831 6.000000
1.589113 0.465582 6.000000
1.663306 0.455859 6.000000
1.663242 0.443093 6.000000
1.590486 0.437291 6.000000
1.518452 0.425392 6.000000
1.447105 0.409849 6.000000
1.376121 0.392704 6.000000
1.304442 0.378920 6.000000
1.231656 0.373609 6.000000
1.158658 0.375191 6.000000
1.087979 0.406272 6.076202
1.087784 0.458239 6.138578
1.087587 0.522934 6.187598
1.737371 0.531398 6.189594
1.736729 0.482399 6.136271
1.736133 0.449952 6.071239
1.148721 0.600000 6.161205
1.221446 0.600000 6.143815
1.295729 0.600000 6.135017
1.370531 0.600000 6.133915
1.445159 0.600000 6.139328
1.519350 0.600000 6.149147
1.593211 0.600000 6.161228
1.666411 0.600000 6.176742
1.665346 0.600000 6.189462
1.592362 0.600000 6.189540
1.519620 0.600000 6.195750
1.447276 0.600000 6.205643
1.375169 0.600000 6.217164
1.302634 0.600000 6.225284
1.229659 0.600000 6.224872
1.157013 0.600000 6.217572
1.087526 0.675000 6.200026
1.087523 0.750000 6.200022
1.087519 0.825000 6.200018
1.087515 0.900000 6.200015
1.087511 0.975000 6.200011
1.087507 1.050000 6.200007
1.087504 1.125000 6.200004
1.159722 1.200000 6.200000
1.231944 1.200000 6.200000
1.304167 1.200000 6.200000
1.376389 1.200000 6.200000
1.448611 1.200000 6.200000
1.520833 1.200000 6.200000
1.593055 1.200000 6.200000
1.665278 1.200000 6.200000
1.737501 1.125000 6.199996
1.737503 1.050000 6.199993
1.737504 0.975000 6.199989
1.737505 0.900000 6.199985
1.737506 0.825000 6.199981
1.737507 0.750000 6.199977
1.737509 0.675000 6.199974
2.185240 -0.065336 -0.000000
1.736010 0.438282 6.000000
1.088030 0.387220 6.000000
0.938314 0.021732 0.000000
1.737510 0.600000 6.199970
1.087530 0.600000 6.200030
1.737500 1.200000 6.200000
1.087500 1.200000 6.200000
1.704185 0.381882 5.370056
1.641615 0.387277 5.332377
1.578107 0.389370 5.294820
1.513459 0.389840 5.257203
1.446864 0.388400 5.219743
1.377390 0.383594 5.183680
1.308270 0.374383 5.155713
1.245333 0.360498 5.129995
1.185629 0.341553 5.097923
1.124788 0.315818 5.063700
1.707632 0.374183 5.295580
1.125533 0.322894 5.136674
1.740648 0.316291 4.694759
1.672873 0.329062 4.723866
1.603956 0.338414 4.754560
1.534340 0.346067 4.786589
1.464176 0.351865 4.819603
1.393629 0.354422 4.853120
1.323323 0.352042 4.886582
1.254344 0.343855 4.919939
1.187821 0.329899 4.954110
1.124326 0.309511 4.990283
1.126819 0.331013 5.209902
1.186363 0.349077 5.168928
1.914416 0.142894 2.326831
1.852095 0.160905 2.359848
1.789460 0.175131 2.393366
1.727177 0.187144 2.427807
1.664958 0.197905 2.463652
1.601848 0.207621 2.500683
1.537290 0.216073 2.538253
1.471360 0.222387 2.576159
1.404434 0.225513 2.614468
1.336972 0.224750 2.653259
1.269652 0.219489 2.692480
1.203192 0.209476 2.732081
1.138065 0.194817 2.772108
1.075429 0.173156 2.812709
1.128303 0.339289 5.283732
1.188405 0.357206 5.241266
1.248867 0.368511 5.199427
1.908672 0.147713 2.400843
1.897203 0.157415 2.546881
1.842309 0.169812 2.505662
1.785884 0.179217 2.466571
1.881310 0.168296 2.691321
1.824978 0.179865 2.642663
1.783915 0.185725 2.597453
1.728739 0.193730 2.575186
1.665213 0.201286 2.539648
1.867177 0.178844 2.841753
1.804045 0.191238 2.794803
1.739108 0.199987 2.745868
1.670984 0.207662 2.699492
1.602354 0.214358 2.657618
1.536309 0.219461 2.616740
1.856704 0.188316 2.992406
1.794239 0.200295 2.948764
1.730389 0.208772 2.904808
1.665538 0.215697 2.860792
1.599961 0.221590 2.817297
1.534134 0.226299 2.774712
1.468424 0.228952 2.733125
1.402780 0.228620 2.692669
1.847199 0.198186 3.142107
1.786257 0.209441 3.100363
1.724037 0.217293 3.058731
1.660688 0.223537 3.017121
1.596089 0.228941 2.975421
1.530228 0.233334 2.933502
1.464041 0.235629 2.891014
1.398768 0.234811 2.848461
1.334022 0.230497 2.807569
1.268802 0.222146 2.769005
1.088062 0.195508 3.333380
1.149673 0.216704 3.287469
1.212430 0.230861 3.242002
1.274730 0.240165 3.196747
1.335738 0.244878 3.150852
1.396238 0.245551 3.102377
1.460962 0.242832 3.055407
1.528966 0.236925 3.013954
1.736055 0.323315 4.769883
1.186080 0.335616 5.026930
1.539349 0.212619 2.460515
1.476565 0.215740 2.420026
1.412967 0.216256 2.379407
1.348137 0.213512 2.338203
1.282647 0.206959 2.295191
1.224148 0.197395 2.249404
1.170373 0.185752 2.208310
1.112564 0.170114 2.173534
1.053502 0.147240 2.138554
1.124044 0.303226 4.916168
1.129737 0.347583 5.357987
1.190239 0.365410 5.314891
1.251884 0.376782 5.272433
1.313929 0.382793 5.229397
1.926357 0.133080 2.178088
1.863344 0.151711 2.210798
1.799588 0.166537 2.244048
1.735581 0.179150 2.277842
1.671496 0.190444 2.312263
1.607213 0.200511 2.347423
1.542352 0.209169 2.383401
1.188761 0.323838 4.880000
1.123539 0.296789 4.841549
1.731666 0.330293 4.844925
1.668228 0.336056 4.799941
1.245455 0.354295 5.063467
1.250158 0.349328 4.993807
1.131106 0.355866 5.432418
1.191738 0.373572 5.389057
1.253809 0.384929 5.346548
1.316810 0.390920 5.304335
1.380777 0.391825 5.261847
1.073975 0.170572 2.737553
1.837153 0.174137 2.574729
1.601989 0.210974 2.578481
1.597877 0.225292 2.896601
1.256318 0.337796 4.844929
1.189159 0.317547 4.805059
1.122835 0.290227 4.766550
1.085827 0.191828 3.258287
1.083675 0.188201 3.183574
1.146820 0.212849 3.212776
1.460218 0.239096 2.972766
1.711146 0.366444 5.220811
1.644559 0.379563 5.257178
1.938422 0.123222 2.029238
1.875003 0.142402 2.061339
1.810713 0.157724 2.094015
1.746049 0.170861 2.127203
1.681183 0.182725 2.160906
1.616110 0.193257 2.195163
1.550719 0.202359 2.230006
1.484686 0.209346 2.265462
1.417277 0.213335 2.301550
1.794310 0.170883 2.318908
1.473513 0.219084 2.498036
1.055362 0.149561 2.211788
1.784002 0.182858 2.536885
1.668591 0.211681 2.781243
1.532235 0.229808 2.854076
1.325835 0.345721 4.810354
1.257419 0.331483 4.769165
1.189159 0.311072 4.729489
1.121998 0.283576 4.691233
1.076879 0.175728 2.887411
1.138714 0.197324 2.846938
1.203035 0.212003 2.807604
1.727282 0.337275 4.920027
1.663803 0.343012 4.875957
1.599439 0.345361 4.831452
1.714811 0.358651 5.145776
1.718740 0.351202 5.070568
1.722934 0.344254 4.995279
1.580334 0.381600 5.218559
1.647657 0.371774 5.181378
1.529995 0.352949 4.864088
1.594972 0.352314 4.908463
1.659320 0.349982 4.952230
1.700859 0.389541 5.444324
1.638886 0.394913 5.407023
1.576034 0.397028 5.370062
1.512283 0.397553 5.333317
1.447217 0.396237 5.296991
1.132556 0.364186 5.506832
1.193122 0.381713 5.463330
1.255167 0.392969 5.420853
1.318266 0.398833 5.379097
1.382169 0.399675 5.337791
1.422194 0.210427 2.224388
1.359650 0.208546 2.183220
1.297539 0.203362 2.142453
1.235834 0.194613 2.102760
1.173922 0.182398 2.064325
1.111855 0.166135 2.026702
1.050872 0.142999 1.989491
1.730955 0.183189 2.353011
1.890189 0.162559 2.618465
1.726059 0.190748 2.501607
1.535499 0.222853 2.695686
1.662967 0.219609 2.939424
1.466545 0.232268 2.811910
1.842441 0.203125 3.216514
1.782432 0.214088 3.175379
1.721318 0.221702 3.134738
1.659048 0.227768 3.094452
1.595079 0.232870 3.054366
1.745801 0.309508 4.619400
1.677824 0.322049 4.647211
1.608249 0.331441 4.677150
1.537913 0.339194 4.708971
1.467194 0.345131 4.742085
1.396261 0.347849 4.776034
1.655081 0.356939 5.028668
1.651096 0.363909 5.105169
1.950578 0.113317 1.880457
1.886761 0.132989 1.911992
1.821977 0.148890 1.944100
1.756730 0.162546 1.976759
1.691214 0.174788 2.009941
1.625465 0.185789 2.043661
1.559520 0.195424 2.077919
1.493305 0.202960 2.112706
1.426598 0.207555 2.147956
1.740696 0.175026 2.202562
1.920348 0.138001 2.252502
1.137333 0.192256 2.696509
1.072633 0.168028 2.662038
1.903135 0.152542 2.474264
1.873601 0.173772 2.766010
1.734468 0.204480 2.826589
1.469854 0.225676 2.654765
1.401042 0.231720 2.770673
1.327451 0.339240 4.733595
1.257995 0.324994 4.692673
1.188900 0.304468 4.653363
1.120946 0.277443 4.615688
1.078379 0.178309 2.961629
1.080006 0.181271 3.035454
1.081762 0.184703 3.109373
1.208597 0.226872 3.167923
1.144083 0.209066 3.139007
1.697505 0.397200 5.518532
1.636155 0.402524 5.481407
1.574000 0.404631 5.444744
1.511074 0.405171 5.408463
1.447115 0.403928 5.372685
1.134156 0.373195 5.580911
1.194728 0.389901 5.537446
1.256464 0.400985 5.495043
1.319241 0.406661 5.453560
1.382765 0.407400 5.412804
1.430524 0.204705 2.071918
1.367170 0.203390 2.031567
1.303210 0.198727 1.991853
1.238953 0.190349 1.952794
1.174668 0.178158 1.914383
1.110599 0.161908 1.876523
1.047992 0.138574 1.839170
1.353633 0.210994 2.260016
1.676151 0.186613 2.236620
1.667624 0.194169 2.387984
1.058751 0.152593 2.284329
1.113776 0.172255 2.243031
1.335457 0.227639 2.730887
1.752369 0.302906 4.544709
1.684642 0.315599 4.570120
1.613782 0.324922 4.598507
1.541895 0.332494 4.630246
1.470067 0.338334 4.663798
1.398421 0.341211 4.698392
1.267501 0.224700 2.844447
1.202564 0.214424 2.881857
1.139283 0.199706 2.920815
1.141850 0.205473 3.066078
1.140245 0.202181 2.993690
1.514443 0.381966 5.179409
1.582877 0.373714 5.141376
1.590500 0.359288 4.985892
1.586260 0.366261 5.063670
1.694282 0.405439 5.592696
1.633409 0.410184 5.555640
1.571975 0.412196 5.519049
1.509858 0.412729 5.483009
1.446778 0.411538 5.447544
1.136139 0.383330 5.654655
1.196558 0.399344 5.611045
1.258039 0.409379 5.568897
1.320294 0.414468 5.527733
1.383185 0.415065 5.487300
1.962852 0.103178 1.731722
1.898537 0.123425 1.762731
1.833215 0.139882 1.794332
1.767315 0.154019 1.826513
1.701058 0.166812 1.859260
1.634512 0.178382 1.892584
1.567758 0.188588 1.926492
1.500848 0.196690 1.960991
1.433847 0.201793 1.996115
1.686118 0.178812 2.085458
1.869114 0.147072 2.136095
1.857629 0.156335 2.285437
1.603936 0.204046 2.423927
1.798912 0.195831 2.872257
1.269002 0.236068 3.123418
1.204711 0.222950 3.095711
1.459721 0.358661 4.897463
1.525213 0.359897 4.942077
1.691440 0.414101 5.666932
1.630855 0.418870 5.629696
1.570097 0.420355 5.592787
1.508832 0.420308 5.556962
1.446540 0.419090 5.521844
1.138601 0.393532 5.727656
1.199044 0.409165 5.683780
1.260065 0.418859 5.642047
1.321725 0.423227 5.601388
1.383896 0.422873 5.561316
1.363742 0.206024 2.107347
1.555040 0.198900 2.153945
1.172644 0.184222 2.137717
1.805042 0.162153 2.169090
1.669333 0.204223 2.617832
1.601971 0.217881 2.737654
1.328627 0.332644 4.656049
1.258198 0.318939 4.615442
1.188241 0.298946 4.576670
1.119822 0.271901 4.539730
1.318073 0.358043 4.962767
1.388545 0.360937 4.930839
1.690048 0.422447 5.740788
1.628427 0.427628 5.704485
1.568182 0.428908 5.665387
1.508308 0.428847 5.629570
1.446821 0.427323 5.595315
1.142573 0.404180 5.799061
1.202711 0.419070 5.754456
1.262679 0.428252 5.713604
1.323710 0.432412 5.674278
1.385284 0.431814 5.634655
1.696029 0.170820 1.934668
1.880811 0.137756 1.986688
1.488821 0.206163 2.189043
1.052217 0.145161 2.064293
1.847193 0.165349 2.433374
1.202264 0.219414 3.025004
1.201792 0.216724 2.954345
1.454117 0.365527 4.976254
1.520257 0.366921 5.020841
1.563584 0.192010 2.002264
1.300784 0.201081 2.067293
1.816242 0.153328 2.019102
1.620630 0.189549 2.119492
1.932343 0.128167 2.103686
1.406418 0.222406 2.536294
1.409085 0.219293 2.457926
1.203274 0.206906 2.655734
1.136799 0.189732 2.620289
1.071328 0.165493 2.586194
1.861876 0.183605 2.917254
1.837413 0.208109 3.290370
1.778293 0.218737 3.249310
1.718561 0.226012 3.209266
1.657869 0.231861 3.170271
1.595254 0.236791 3.131996
1.529962 0.240799 3.093907
1.400438 0.334954 4.619787
1.329568 0.327054 4.577577
1.258310 0.313403 4.537437
1.187727 0.293431 4.499385
1.118750 0.266344 4.463427
1.330776 0.233125 2.883903
1.264817 0.226996 2.918229
1.393546 0.237838 2.928195
1.261446 0.228972 2.987813
1.324134 0.235397 2.958537
1.516341 0.373940 5.100294
1.436840 0.198874 1.920319
1.371922 0.198091 1.880132
1.306291 0.193863 1.840576
1.240376 0.185678 1.801680
1.174443 0.173620 1.763420
1.108881 0.157498 1.725735
1.044791 0.134131 1.688632
1.827503 0.144423 1.869271
1.497002 0.199834 2.036952
1.237675 0.192531 2.028066
1.944428 0.118304 1.954876
1.751240 0.166731 2.052063
1.112141 0.168126 2.100796
1.611411 0.196953 2.271288
1.270525 0.216811 2.615298
1.338465 0.221853 2.575460
1.343372 0.216091 2.417646
1.340417 0.218957 2.496974
1.811854 0.186026 2.716160
1.760249 0.296220 4.473402
1.695274 0.308727 4.494542
1.622393 0.318202 4.517700
1.547162 0.326304 4.549746
1.473249 0.332356 4.584235
1.445087 0.380274 5.139402
1.447477 0.372590 5.057145
1.182989 0.435718 5.933520
1.151795 0.416565 5.867588
1.761845 0.158329 1.901743
1.231934 0.196335 2.176372
1.546227 0.205860 2.306636
1.203555 0.204348 2.578591
1.271609 0.214116 2.537313
1.069791 0.162843 2.509957
1.136143 0.187151 2.543359
1.063452 0.156266 2.357857
1.067286 0.159748 2.433442
1.203649 0.201712 2.500230
1.134732 0.184321 2.465359
1.727140 0.212902 2.982230
1.262618 0.231988 3.054356
1.695937 0.428037 5.803701
1.626628 0.437243 5.787304
1.564217 0.437366 5.735795
1.508384 0.436950 5.698674
1.448258 0.435888 5.667349
1.634616 0.452483 5.930203
1.672064 0.438894 5.860203
1.286142 0.459351 5.931550
1.275585 0.447173 5.847056
1.266112 0.437325 5.781293
1.975396 0.092839 1.582993
1.910476 0.113707 1.613455
1.844477 0.130706 1.644553
1.777814 0.145427 1.676283
1.710716 0.158841 1.708627
1.643240 0.170981 1.741614
1.575453 0.181717 1.775268
1.507514 0.190306 1.809570
1.439525 0.195972 1.844612
1.239814 0.188087 1.877360
1.956638 0.108320 1.806111
1.272931 0.211351 2.457886
1.764900 0.285377 4.332305
1.702090 0.298852 4.371708
1.639450 0.310084 4.428700
1.554277 0.319778 4.466385
1.477262 0.326340 4.503007
1.402626 0.329261 4.540073
1.325498 0.441365 5.745453
1.387841 0.440812 5.708103
1.209382 0.429380 5.821389
1.442041 0.193068 1.768818
1.375582 0.192774 1.728600
1.308410 0.188857 1.689102
1.240936 0.180928 1.650319
1.173564 0.169087 1.612249
1.106707 0.153007 1.574812
1.041515 0.129676 1.537993
1.109860 0.159716 1.801199
1.629816 0.182116 1.968253
1.790258 0.204738 3.024912
1.326299 0.240698 3.077335
1.321576 0.448251 5.805033
1.391748 0.450742 5.789242
1.453068 0.444098 5.736947
1.705743 0.162863 1.784045
1.304898 0.196312 1.916369
1.046461 0.136362 1.763953
1.291456 0.205263 2.217732
1.275107 0.208710 2.376243
1.311315 0.236600 3.018649
1.390843 0.467949 5.931654
1.349438 0.457581 5.861304
1.220693 0.439613 5.879973
1.174115 0.171377 1.687934
1.571529 0.185218 1.850986
1.111316 0.164052 1.951787
1.747090 0.194580 2.656347
1.330807 0.321471 4.498122
1.258772 0.307874 4.458529
1.187349 0.287899 4.421311
1.117558 0.260704 4.386688
1.381782 0.241133 3.016114
1.380865 0.367433 5.009980
1.473264 0.466491 5.932563
1.552099 0.461154 5.932150
1.431615 0.459756 5.863961
1.511008 0.456454 5.866233
1.590369 0.449713 5.863013
1.545757 0.446530 5.801813
1.988115 0.082419 1.434217
1.922666 0.103845 1.464078
1.855938 0.121481 1.494639
1.788414 0.136795 1.525891
1.720289 0.150709 1.557843
1.651677 0.163401 1.590512
1.582728 0.174755 1.623915
1.513554 0.183942 1.658083
1.444366 0.190169 1.693072
1.043133 0.131905 1.613350
1.504090 0.193541 1.885459
1.174699 0.175899 1.839053
1.049475 0.140807 1.914408
1.202942 0.198783 2.419214
1.852002 0.193223 3.067459
1.309363 0.363341 5.037062
1.509004 0.443547 5.755197
1.446579 0.187262 1.617183
1.378544 0.187324 1.576890
1.309811 0.183749 1.537405
1.240900 0.176100 1.498758
1.172246 0.164412 1.460882
1.104213 0.148429 1.423738
1.037982 0.125029 1.387306
1.307461 0.191396 1.764973
1.838699 0.135328 1.719518
1.638649 0.174744 1.817276
1.369627 0.200748 1.956016
1.892519 0.128263 1.837430
1.131305 0.180958 2.386154
1.294920 0.366438 5.096527
1.473729 0.451020 5.802134
1.994434 0.077170 1.359853
1.928643 0.098887 1.389429
1.861512 0.116810 1.419727
1.793483 0.132412 1.450750
1.724798 0.146647 1.482506
1.655582 0.159664 1.515025
1.586005 0.171325 1.548326
1.516223 0.180796 1.582434
1.782909 0.141154 1.601199
1.240792 0.183326 1.726195
1.772322 0.149781 1.751536
1.174424 0.180372 1.989635
1.121866 0.176336 2.311548
1.166014 0.186533 2.268343
1.200245 0.195505 2.329387
1.405284 0.323465 4.459029
1.332552 0.315840 4.417512
1.259385 0.302280 4.378262
1.186471 0.282145 4.342092
1.115664 0.254722 4.309632
1.764420 0.290504 4.404401
1.647301 0.167222 1.666201
1.373782 0.195438 1.804574
1.107892 0.155281 1.650389
1.366088 0.374125 5.096939
1.309216 0.186315 1.613413
1.916420 0.108855 1.538831
1.578920 0.178266 1.699777
1.480062 0.212599 2.342710
1.448565 0.184305 1.541405
1.379799 0.184590 1.501114
1.310378 0.181190 1.461655
1.240821 0.173680 1.423053
1.171579 0.161999 1.385278
1.102990 0.146125 1.348263
1.036185 0.122621 1.311986
1.105567 0.150748 1.499355
1.849922 0.126160 1.569729
2.000767 0.071710 1.285509
1.934609 0.093829 1.314786
1.867066 0.112125 1.344813
1.798541 0.128024 1.375599
1.729296 0.142585 1.407150
1.659472 0.155928 1.439505
1.589258 0.167896 1.472689
1.518834 0.177654 1.506722
1.377115 0.190071 1.652997
1.039829 0.127388 1.462710
1.510392 0.187145 1.734063
1.712455 0.301955 4.434472
1.450472 0.181351 1.465614
1.380998 0.181854 1.425303
1.310900 0.178627 1.385864
1.240728 0.171168 1.347324
1.170864 0.159511 1.309660
1.101707 0.143617 1.272788
1.034343 0.120124 1.236679
1.715196 0.154888 1.633426
1.969045 0.098037 1.657391
1.767216 0.279652 4.257469
1.700015 0.293527 4.295316
1.631847 0.304136 4.337965
1.558450 0.313230 4.380871
1.481316 0.320203 4.420322
1.241049 0.178536 1.574728
1.981621 0.087687 1.508658
1.904332 0.118615 1.688174
2.007169 0.066193 1.211181
1.940588 0.088653 1.240161
1.872590 0.107243 1.269916
1.803576 0.123514 1.300454
1.733786 0.138481 1.331789
1.663356 0.152193 1.363970
1.592502 0.164449 1.397026
1.521416 0.174451 1.430981
1.408238 0.317589 4.376993
1.334602 0.310116 4.335427
1.259402 0.296371 4.295308
1.183529 0.275701 4.261672
1.112135 0.248057 4.233521
1.770947 0.273799 4.182161
1.701837 0.287639 4.218162
1.631744 0.298176 4.256683
1.559516 0.307013 4.296898
1.484563 0.314054 4.337132
1.452338 0.178400 1.389802
1.382166 0.179116 1.349466
1.311406 0.175959 1.310053
1.240607 0.168506 1.271586
1.170139 0.156965 1.234021
1.100434 0.141110 1.197275
1.032566 0.117653 1.161312
1.173054 0.166809 1.536754
2.013616 0.060660 1.136844
1.946628 0.083460 1.165528
1.878156 0.102351 1.195013
1.808626 0.118935 1.225306
1.738273 0.134238 1.256426
1.667226 0.148237 1.288431
1.595716 0.160851 1.321352
1.523963 0.171209 1.355223
1.411591 0.311679 4.294343
1.337410 0.304320 4.251285
1.257295 0.289399 4.203610
1.173884 0.267868 4.186168
1.107566 0.241785 4.159665
1.454192 0.175354 1.313972
1.383367 0.176188 1.273608
1.312024 0.173151 1.234191
1.240652 0.165858 1.195731
1.169676 0.154457 1.158170
1.099479 0.138672 1.121448
1.031073 0.115284 1.085655
1.487963 0.307963 4.254808
1.416500 0.305823 4.212141
1.345484 0.299538 4.167999
1.282610 0.289204 4.121572
1.225365 0.275738 4.080512
1.164653 0.257557 4.046614
1.102964 0.232345 4.013310
2.020131 0.055100 1.062463
1.952763 0.078238 1.090835
1.883828 0.097433 1.120049
1.813783 0.114332 1.150099
1.742862 0.129912 1.181009
1.671184 0.144194 1.212840
1.599001 0.157129 1.245636
1.526538 0.167803 1.279432
1.775536 0.268308 4.106952
1.705573 0.282216 4.141534
1.634595 0.292401 4.177966
1.562239 0.300907 4.216037
1.104383 0.236665 4.086814
1.456180 0.172193 1.238074
1.384879 0.173214 1.197596
1.313117 0.170354 1.158038
1.241375 0.163264 1.119369
1.169891 0.152042 1.081550
1.098865 0.136292 1.044773
1.029430 0.112798 1.009467
2.026778 0.049458 0.987999
1.959086 0.072862 1.016016
1.889737 0.092426 1.044937
1.819202 0.109641 1.074739
1.747725 0.125467 1.105436
1.675454 0.140088 1.137089
1.602594 0.153356 1.169764
1.529374 0.164352 1.203511
1.780398 0.262760 4.031940
1.710129 0.276885 4.065443
1.638802 0.287158 4.100472
1.566404 0.295640 4.136878
1.492510 0.302281 4.174273
1.458694 0.168982 1.161918
1.387188 0.170178 1.121139
1.315279 0.167578 1.081142
1.243142 0.160738 1.041838
1.170629 0.149587 1.003318
1.097844 0.133771 0.966649
1.027048 0.109999 0.932742
1.423150 0.300993 4.131686
1.355871 0.295744 4.088741
1.291693 0.286316 4.047187
1.228511 0.272461 4.008975
1.164866 0.253719 3.973353
1.101993 0.228188 3.938815
2.033611 0.043704 0.913426
1.965714 0.067382 0.941006
1.896024 0.087241 0.969594
1.825062 0.104746 0.999128
1.753115 0.120905 1.029594
1.680307 0.135870 1.061054
1.606817 0.149477 1.093593
1.532841 0.160819 1.127285
1.785364 0.257198 3.957075
1.714989 0.271487 3.989755
1.643512 0.281915 4.023790
1.571187 0.290569 4.059049
1.497847 0.297290 4.095249
1.165513 0.261567 4.116843
1.429743 0.296405 4.053276
1.362600 0.291714 4.011977
1.296323 0.282680 3.972312
1.230461 0.268736 3.934671
1.165009 0.249781 3.898633
1.101022 0.224003 3.863756
1.462165 0.165613 1.085271
1.390753 0.167093 1.043909
1.318745 0.164811 1.003039
1.245821 0.158178 0.962348
1.170962 0.146909 0.921877
1.094686 0.130603 0.886842
1.022955 0.106319 0.856640
1.790371 0.251628 3.882266
1.719893 0.266083 3.914261
1.648313 0.276692 3.947565
1.576024 0.285464 3.982060
1.503106 0.292379 4.017518
2.040663 0.037545 0.838757
1.972743 0.061605 0.865784
1.902864 0.081878 0.893965
1.831572 0.099693 0.923198
1.759232 0.116184 0.953413
1.685974 0.131500 0.984655
1.611936 0.145448 1.017021
1.537283 0.157151 1.050605
1.099861 0.219709 3.788322
1.098483 0.215300 3.712648
1.096885 0.210779 3.636818
1.094921 0.206700 3.560956
1.092688 0.202990 3.484969
1.090391 0.199254 3.409112
1.466866 0.162129 1.007976
1.395679 0.163950 0.965755
1.323579 0.161970 0.923495
1.249623 0.155439 0.880022
1.169225 0.143302 0.831040
1.084892 0.125482 0.811298
1.017891 0.102151 0.782559
1.435066 0.291822 3.976111
1.367018 0.287512 3.935666
1.299107 0.278728 3.896638
1.231539 0.264749 3.859171
1.164835 0.245650 3.823119
1.220640 0.277968 4.141674
1.795382 0.246050 3.807351
1.724744 0.260677 3.838627
1.652966 0.271482 3.871332
1.580578 0.280384 3.905355
1.507811 0.287536 3.940465
2.017556 0.003333 0.059921
2.063546 -0.008557 0.113732
2.113112 -0.024801 0.166475
1.439139 0.287223 3.899240
1.369924 0.283196 3.859028
1.300637 0.274502 3.820183
1.231793 0.260532 3.782864
1.164109 0.241323 3.747038
2.105004 -0.017530 0.239764
2.096545 -0.010068 0.313895
2.088088 -0.002646 0.388659
2.079793 0.004615 0.463758
2.071573 0.011408 0.538959
2.063532 0.018126 0.614100
2.055648 0.024730 0.689124
2.047994 0.031203 0.764019
1.980213 0.055482 0.790376
1.910271 0.076010 0.818065
1.838783 0.094223 0.846938
1.766160 0.111180 0.876872
1.692543 0.126884 0.907875
1.618043 0.141129 0.940027
1.542790 0.153199 0.973426
2.119221 -0.031274 0.092448
1.162809 0.236804 3.670521
1.160937 0.232234 3.593791
1.158369 0.228411 3.516876
1.155525 0.224510 3.440031
1.152579 0.220593 3.363560
2.053224 -0.000936 0.183943
2.043008 0.006793 0.257606
2.033127 0.014479 0.333097
2.023602 0.022056 0.409466
2.014311 0.029211 0.486102
2.005242 0.036006 0.562622
1.996515 0.042679 0.638848
1.988119 0.049220 0.714774
2.072246 -0.015113 0.053173
1.949806 0.022983 0.066119
2.001306 0.012208 0.126884
1.800615 0.240409 3.732242
1.806466 0.234611 3.657246
1.812998 0.228825 3.582991
1.819769 0.223483 3.509606
1.826109 0.218268 3.436652
1.831981 0.213166 3.363652
1.511795 0.282712 3.863294
1.584617 0.275319 3.828165
1.657408 0.266250 3.794391
1.729654 0.255227 3.762422
1.231155 0.256075 3.705868
1.300984 0.270076 3.742856
1.371491 0.278749 3.781532
1.441904 0.282601 3.821811
1.735586 0.249598 3.685704
1.662275 0.260848 3.715879
1.588191 0.270189 3.749246
1.514605 0.277816 3.785024
1.773434 0.223453 3.321973
1.767618 0.228246 3.393729
1.760962 0.233113 3.465116
1.752816 0.238234 3.536675
1.743513 0.243695 3.609861
1.472787 0.158530 0.930063
1.401974 0.160591 0.886850
1.330397 0.158815 0.843162
1.258919 0.152919 0.797776
1.195376 0.144128 0.749973
1.137174 0.133265 0.707322
1.075206 0.118200 0.671449
1.012188 0.095618 0.635940
1.229506 0.251363 3.628351
1.299890 0.265418 3.664661
1.371489 0.274131 3.702850
1.443326 0.277908 3.743019
1.216024 0.234882 3.318111
1.219771 0.238975 3.395103
1.223476 0.243084 3.472688
1.226840 0.247129 3.550594
1.669180 0.255042 3.635649
1.592038 0.264821 3.666831
1.516514 0.272845 3.704557
1.443100 0.273121 3.662396
1.369581 0.269339 3.623020
1.297345 0.260759 3.585902
1.918318 0.069968 0.741863
1.846728 0.088462 0.770325
1.773852 0.105663 0.799970
1.699906 0.121701 0.830730
1.625044 0.136446 0.862635
1.549329 0.149079 0.895783
1.014107 0.098499 0.709572
1.279364 0.244233 3.272874
1.284129 0.248387 3.350104
1.289018 0.252589 3.428194
1.293585 0.256719 3.506968
1.465963 0.246598 3.136500
1.403659 0.249479 3.181694
1.341830 0.248925 3.227593
1.365791 0.265119 3.542740
1.360394 0.261047 3.462591
1.354145 0.256959 3.383251
1.347823 0.252923 3.305040
1.926912 0.063684 0.665291
1.855331 0.082440 0.693276
1.782255 0.099900 0.722618
1.708014 0.116319 0.753165
1.632794 0.131436 0.784867
1.556676 0.144499 0.817738
1.479741 0.154522 0.851753
1.532770 0.244429 3.172040
1.471500 0.250154 3.214826
1.410210 0.253225 3.259697
1.715235 0.230279 3.281615
1.656961 0.235754 3.243391
1.596557 0.240476 3.207376
1.417908 0.256988 3.337729
1.479011 0.253538 3.291831
1.537599 0.247764 3.247674
1.710115 0.234670 3.351967
1.655269 0.239509 3.312279
1.599457 0.243768 3.278406
1.682984 0.249138 3.560183
1.696115 0.243860 3.490997
1.703373 0.239236 3.421684
1.516975 0.267761 3.620663
1.598267 0.258899 3.574085
1.440199 0.268528 3.580351
1.426487 0.260837 3.417098
1.434360 0.264636 3.498186
1.547031 0.250595 3.320960
1.490738 0.256764 3.369710
1.647173 0.243827 3.378824
1.604200 0.246282 3.338003
1.638545 0.251673 3.512270
1.639014 0.248309 3.448405
1.572431 0.252354 3.399169
1.987977 0.020498 0.199621
1.976066 0.028451 0.275850
1.965260 0.036194 0.353809
1.955123 0.043740 0.432249
1.945297 0.050613 0.510504
1.935807 0.057244 0.588235
1.502075 0.260181 3.451073
1.409444 0.156787 0.807719
1.339111 0.155599 0.763413
1.270725 0.150613 0.718801
1.205335 0.142439 0.675535
1.140746 0.131243 0.635459
1.075435 0.115795 0.597832
1.010914 0.092997 0.561205
1.864384 0.076203 0.615607
1.791195 0.094009 0.644602
1.716656 0.110807 0.674995
1.641074 0.126296 0.706619
1.564611 0.139766 0.739373
1.487381 0.150209 0.773161
1.577007 0.256356 3.486711
1.931974 0.032015 0.138339
1.916781 0.040612 0.215616
1.904282 0.048543 0.295836
1.893467 0.056103 0.376789
1.883396 0.063362 0.457333
1.873608 0.069878 0.537023
1.076333 0.120867 0.741748
1.876350 0.042023 0.071957
1.800368 0.088016 0.565523
1.725470 0.105085 0.595812
1.649467 0.120932 0.627568
1.572660 0.134868 0.660484
1.495252 0.145864 0.694316
1.417443 0.152968 0.728766
1.511543 0.263707 3.535130
1.347664 0.152254 0.684673
1.278760 0.147956 0.641481
1.210804 0.140118 0.600008
1.143119 0.128834 0.560534
1.075752 0.113344 0.522611
1.009987 0.090493 0.485815
1.132380 0.134577 0.768234
1.809527 0.081798 0.484898
1.734059 0.099261 0.514954
1.657533 0.115559 0.547094
1.580347 0.129976 0.580615
1.502750 0.141404 0.614984
1.425054 0.149006 0.649830
1.855446 0.051666 0.150345
1.839695 0.060418 0.234155
1.828892 0.067906 0.318974
1.818563 0.075151 0.402498
1.798117 0.060644 0.077343
1.354653 0.148866 0.606196
1.284339 0.145058 0.563894
1.214351 0.137372 0.523216
1.144727 0.126238 0.484115
1.075892 0.110737 0.446367
1.008893 0.087550 0.409917
1.742172 0.093285 0.431612
1.664770 0.110219 0.464269
1.587114 0.125123 0.499067
1.509341 0.136967 0.534613
1.431668 0.145073 0.570433
1.765871 0.072862 0.165130
1.761867 0.079192 0.259313
1.750211 0.086697 0.345158
1.670718 0.104357 0.377488
1.592240 0.120034 0.414998
1.514485 0.132607 0.452604
1.436998 0.141127 0.490009
1.360060 0.145359 0.527152
1.288344 0.141921 0.485415
1.216778 0.134429 0.445257
1.145793 0.123200 0.406612
1.075769 0.107465 0.369381
1.007514 0.084204 0.333671
1.364110 0.141751 0.447060
1.291035 0.138332 0.405809
1.218344 0.130836 0.366201
1.146355 0.119738 0.328139
1.075239 0.104060 0.291630
1.005893 0.080745 0.256913
1.675542 0.097979 0.281011
1.594632 0.114834 0.327659
1.517437 0.127748 0.368620
1.440555 0.136825 0.408152
1.559185 0.105745 0.064240
1.591478 0.105443 0.148684
1.649067 0.098739 0.205635
1.636817 0.093516 0.072707
1.706296 0.088045 0.211525
1.070714 0.092863 0.053132
1.072782 0.096780 0.133275
1.074272 0.100510 0.213007
1.366471 0.137519 0.365680
1.292515 0.134348 0.324933
1.219145 0.127104 0.285947
1.146421 0.116096 0.248646
1.677940 0.089942 0.146734
1.145103 0.108489 0.087570
1.145969 0.112339 0.168399
1.442174 0.132281 0.324839
1.367320 0.133224 0.282802
1.293133 0.130249 0.242561
1.219486 0.123191 0.204571
1.001390 0.073144 0.098172
1.294556 0.121711 0.073110
1.293556 0.126006 0.158517
1.517395 0.123102 0.283148
1.441684 0.127813 0.240190
1.367213 0.128839 0.198063
1.004002 0.077144 0.179147
1.514942 0.118707 0.196977
1.717022 0.078138 0.076962
1.219581 0.119217 0.123187
1.590643 0.110652 0.240472
1.439508 0.123426 0.155043
1.367523 0.124182 0.109301
1.219613 0.115502 0.047245
1.506561 0.115210 0.114351
1.495204 0.112915 0.049980
1.438154 0.119055 0.071395
1.174988 0.351541 5.829192
1.270014 0.349702 5.807971
1.367022 0.362191 5.785689
1.463187 0.382767 5.763577
1.559418 0.400154 5.742894
1.655314 0.409410 5.723022
1.090829 0.074717 1.997760
1.182752 0.063148 1.967278
1.275375 0.056667 1.936846
1.368324 0.059050 1.906289
1.460809 0.069349 1.875613
1.553290 0.082034 1.845117
1.646484 0.092907 1.815038
1.740582 0.100215 1.785477
1.835542 0.102378 1.756562
1.930923 0.096515 1.728421
1.158622 0.232090 4.779500
1.250990 0.236555 4.827416
1.342029 0.252032 4.874438
1.430283 0.277270 4.920713
1.517600 0.302927 4.967166
1.605071 0.324587 5.014271
1.693107 0.338794 5.062355
1.649729 0.417986 5.796352
1.696690 0.331949 4.988297
1.159244 0.239227 4.854248
1.643455 0.426567 5.870095
1.551968 0.408119 5.815719
1.089034 0.071880 1.922802
1.519946 0.296031 4.892973
1.611109 0.310916 4.865977
1.704058 0.318249 4.840015
1.159934 0.246369 4.928956
1.250827 0.243756 4.902073
1.178068 0.341494 5.755601
1.160639 0.253531 5.003669
1.250760 0.250953 4.976652
1.341152 0.259172 4.949001
1.180466 0.331262 5.680454
1.275768 0.340233 5.733630
1.634656 0.435340 5.947098
1.085700 0.066153 1.772731
1.180444 0.056758 1.817494
1.274828 0.053148 1.862091
1.925298 0.101614 1.802715
1.608035 0.317752 4.940221
1.343036 0.244931 4.799985
1.433809 0.263322 4.771972
1.525006 0.282302 4.744348
1.617567 0.297281 4.717499
1.711602 0.304548 4.691668
1.700339 0.325103 4.914205
1.543166 0.415656 5.887292
1.455014 0.390325 5.836131
1.082119 0.060284 1.622476
1.177929 0.050251 1.667352
1.273739 0.045911 1.712156
1.368773 0.051286 1.756679
1.461769 0.065410 1.800916
1.181487 0.059949 1.892461
1.529305 0.421229 5.950739
1.078398 0.054474 1.472053
1.175296 0.043708 1.516875
1.272321 0.038654 1.561759
1.368925 0.043343 1.606481
1.463838 0.057021 1.650989
1.557173 0.073494 1.695549
1.649344 0.088452 1.740377
1.157416 0.218151 4.629855
1.251512 0.222164 4.678128
1.344114 0.237838 4.725475
1.522401 0.289157 4.818741
1.446568 0.397449 5.905976
1.358915 0.370165 5.859319
1.744347 0.095564 1.710895
1.840242 0.097600 1.682098
1.936556 0.091408 1.654136
1.274266 0.049596 1.787212
1.087314 0.069043 1.847803
1.614302 0.304103 4.791815
1.689611 0.346048 5.136319
1.602251 0.331452 5.088376
1.515413 0.309866 5.041425
1.428736 0.284305 4.995156
1.169877 0.361270 5.899883
1.261909 0.358803 5.880708
1.246875 0.366973 5.947178
1.652184 0.084036 1.665583
1.748156 0.090912 1.636230
1.845017 0.092819 1.607589
1.942300 0.086328 1.579839
1.368403 0.055227 1.831607
1.914278 0.111192 1.951166
1.826012 0.111635 1.905330
1.736619 0.104593 1.860022
1.251192 0.229369 4.752897
1.161342 0.260695 5.078392
1.250736 0.258152 5.051236
1.340371 0.266338 5.023482
1.686173 0.353780 5.210259
1.599380 0.339051 5.162308
1.513280 0.316980 5.115546
1.427291 0.291354 5.069481
1.444342 0.404722 5.965606
1.559009 0.069193 1.620604
1.655063 0.079619 1.590723
1.752059 0.086349 1.561508
1.849860 0.088034 1.533048
1.948029 0.081290 1.505518
1.368772 0.047300 1.681692
1.179137 0.053531 1.742508
1.431959 0.270289 4.846487
1.163526 0.369963 5.962577
1.555089 0.077784 1.770462
1.919744 0.106409 1.876973
1.158002 0.224957 4.704799
1.707792 0.311401 4.765875
1.162042 0.268770 5.153045
1.250710 0.265750 5.125792
1.339659 0.273512 5.097899
1.682695 0.361503 5.284126
1.596476 0.346813 5.236130
1.511012 0.324880 5.189453
1.425790 0.298980 5.143629
1.076671 0.051588 1.396857
1.174113 0.040421 1.441638
1.271783 0.035026 1.486528
1.369099 0.039392 1.531315
1.464794 0.052809 1.575949
1.345289 0.230778 4.650797
1.437602 0.249774 4.622960
1.530181 0.269260 4.595528
1.624081 0.284521 4.568865
1.719426 0.291922 4.543215
1.349142 0.378357 5.937373
1.462694 0.061208 1.726097
1.156089 0.206102 4.480032
1.251949 0.209566 4.528432
1.346269 0.224633 4.576082
1.830638 0.107088 1.831020
1.162822 0.277256 5.227454
1.250725 0.274200 5.200034
1.338838 0.281753 5.172099
1.679094 0.369205 5.357824
1.593481 0.354531 5.309693
1.508749 0.332746 5.263079
1.424265 0.307061 5.217479
1.560975 0.064905 1.545595
1.658048 0.075209 1.515812
1.756028 0.081809 1.486746
1.854759 0.083246 1.458485
1.953792 0.076246 1.431186
1.347313 0.218495 4.501299
1.441183 0.237648 4.473650
1.535283 0.257184 4.446407
1.630627 0.272433 4.419960
1.727342 0.279691 4.394582
1.527569 0.275467 4.670038
1.163924 0.285705 5.301612
1.251036 0.282614 5.273885
1.338190 0.290056 5.245881
1.660776 0.400854 5.649916
1.666062 0.392318 5.577070
1.670873 0.384439 5.504288
1.675290 0.376868 5.431232
1.074991 0.048578 1.321688
1.173026 0.037200 1.366397
1.271373 0.031394 1.411280
1.369426 0.035450 1.456106
1.465924 0.048619 1.500833
1.083887 0.063224 1.697657
1.251666 0.215688 4.603353
1.620749 0.290558 4.643301
1.590240 0.362152 5.382759
1.506397 0.340522 5.336119
1.422843 0.315106 5.290793
1.563081 0.060632 1.470538
1.661148 0.070808 1.440869
1.760092 0.077273 1.411962
1.859746 0.078456 1.383907
1.959635 0.071193 1.356848
1.176625 0.046982 1.592195
1.627277 0.278472 4.494476
1.165843 0.294090 5.375437
1.252069 0.290976 5.347045
1.337877 0.298340 5.318920
1.586344 0.369580 5.455075
1.503631 0.348084 5.408109
1.421469 0.323043 5.363067
1.272966 0.042284 1.637090
1.723314 0.285809 4.468945
1.435619 0.256361 4.697620
1.566745 0.392136 5.670119
1.574331 0.384254 5.598068
1.581162 0.376708 5.526655
1.073360 0.045361 1.246481
1.172060 0.033695 1.291149
1.271098 0.027692 1.336026
1.369896 0.031519 1.380872
1.467181 0.044519 1.425671
1.532601 0.263202 4.521073
1.156714 0.212131 4.554993
1.715409 0.298043 4.617521
1.374530 0.354084 5.711321
1.471361 0.375104 5.690207
1.080329 0.057349 1.547331
1.481478 0.368010 5.617899
1.492129 0.361372 5.547883
1.499536 0.355169 5.478558
1.565331 0.056375 1.395452
1.664387 0.066419 1.365900
1.764296 0.072663 1.337153
1.864894 0.073459 1.309319
1.965576 0.065731 1.282512
1.154644 0.194156 4.330157
1.252255 0.197321 4.378690
1.348234 0.212350 4.426526
1.439228 0.243684 4.548445
1.419749 0.330675 5.433441
1.338187 0.306582 5.390524
1.169725 0.302413 5.449248
1.254940 0.299350 5.419150
1.415934 0.337395 5.500507
1.339592 0.314685 5.459069
1.349247 0.206235 4.351649
1.444774 0.225505 4.324111
1.540438 0.245101 4.297067
1.637240 0.260342 4.270917
1.735328 0.267457 4.245901
1.251998 0.203448 4.453661
1.384162 0.346442 5.635835
1.401563 0.341430 5.565436
1.071865 0.042121 1.171168
1.171309 0.030077 1.215781
1.271009 0.023738 1.260684
1.370542 0.027387 1.305603
1.468614 0.040476 1.350472
1.281915 0.330574 5.656661
1.153145 0.182540 4.180030
1.252480 0.185056 4.228737
1.350162 0.200101 4.276766
1.731277 0.273574 4.320261
1.182209 0.320741 5.603077
1.567803 0.051976 1.320333
1.667875 0.061726 1.290906
1.768724 0.067676 1.262342
1.870198 0.068295 1.234724
1.971685 0.060209 1.208192
1.903086 0.120779 2.099451
1.816336 0.120717 2.053745
1.728732 0.113195 2.008659
1.640389 0.101273 1.964004
1.551093 0.086094 1.919710
1.155278 0.200124 4.405165
1.177595 0.310839 5.524931
1.262860 0.308006 5.490737
1.070601 0.038836 1.095600
1.170931 0.026397 1.140118
1.271379 0.019769 1.185105
1.371596 0.023181 1.230174
1.470379 0.036044 1.275211
1.093938 0.080537 2.147585
1.184620 0.069597 2.116766
1.275842 0.063700 2.086085
1.367233 0.066589 2.055375
1.458056 0.077250 2.024636
1.548782 0.090129 1.994138
1.891655 0.130465 2.247568
1.806274 0.129782 2.201874
1.720241 0.121733 2.156896
1.633692 0.109540 2.112451
1.546312 0.094134 2.068441
1.153861 0.188198 4.255208
1.633805 0.266376 4.345509
1.095334 0.083462 2.222489
1.185285 0.072844 2.191476
1.275712 0.067217 2.160645
1.366281 0.070314 2.129823
1.456242 0.081138 2.099028
1.446462 0.219407 4.249338
1.542929 0.239079 4.222431
1.640536 0.254360 4.196449
1.739430 0.261610 4.171589
1.821166 0.116180 1.979604
1.342692 0.321993 5.517735
1.152318 0.177604 4.104905
1.252472 0.179597 4.153601
1.351078 0.193979 4.201796
1.732642 0.108897 1.934433
1.252239 0.191196 4.303860
1.570617 0.047436 1.245126
1.671702 0.057023 1.215823
1.773493 0.062702 1.187452
1.875802 0.063116 1.160079
1.978032 0.054690 1.133851
1.448203 0.213615 4.174463
1.545531 0.233623 4.147658
1.644108 0.249022 4.121802
1.743890 0.256124 4.097142
1.724480 0.117467 2.082872
1.908671 0.115989 2.025355
1.643294 0.097082 1.889653
1.537686 0.251114 4.371856
1.069455 0.035553 1.019479
1.171016 0.022626 1.063825
1.272366 0.015748 1.109035
1.373251 0.018995 1.154411
1.472623 0.031659 1.199743
1.151560 0.172658 4.029666
1.252592 0.174482 4.078348
1.351996 0.188730 4.126670
1.636940 0.105404 2.038360
1.291116 0.320178 5.571368
1.573977 0.042942 1.169714
1.676092 0.052354 1.140564
1.778785 0.057822 1.112430
1.881783 0.057920 1.085351
1.984527 0.049192 1.059458
1.096718 0.086389 2.297393
1.185921 0.076093 2.266174
1.275609 0.070770 2.235173
1.365290 0.074031 2.204223
1.454449 0.085023 2.173317
1.543629 0.098105 2.142696
1.886015 0.135331 2.321636
1.801238 0.134314 2.275925
1.715914 0.126083 2.230975
1.630124 0.113647 2.186630
1.880445 0.140191 2.395702
1.796127 0.138841 2.349950
1.711597 0.130430 2.305008
1.626649 0.117757 2.260702
1.540982 0.102078 2.216893
1.068213 0.032242 0.942262
1.171508 0.018740 0.986236
1.274139 0.011645 1.032049
1.375745 0.014833 1.078063
1.475590 0.027346 1.123911
1.275487 0.060189 2.011554
1.098162 0.089310 2.372296
1.186593 0.079338 2.340851
1.275460 0.074335 2.309659
1.364288 0.077746 2.278579
1.452555 0.088892 2.247605
1.874965 0.144962 2.469759
1.791088 0.143339 2.423941
1.707245 0.134771 2.378987
1.623100 0.121856 2.334730
1.538276 0.106038 2.291028
1.811296 0.125255 2.127900
1.578128 0.038516 1.093988
1.681228 0.047727 1.065073
1.784660 0.052971 1.037249
1.888171 0.052702 1.010528
1.991226 0.043663 0.985020
1.459328 0.073269 1.950255
1.099777 0.092346 2.447164
1.187485 0.082593 2.415442
1.275411 0.077896 2.384028
1.363352 0.081545 2.352818
1.450681 0.092757 2.321780
1.450135 0.208386 4.099353
1.548559 0.228423 4.072606
1.648160 0.243754 4.046917
1.748656 0.250665 4.022555
1.442766 0.231540 4.399045
1.150881 0.167688 3.954104
1.253002 0.169352 4.002701
1.353257 0.183521 4.051225
1.367570 0.062806 1.980964
1.869471 0.149723 2.543755
1.786043 0.147815 2.497832
1.702817 0.139034 2.452837
1.619427 0.126018 2.408609
1.535499 0.110015 2.365025
1.065191 0.028881 0.863314
1.171932 0.014748 0.905696
1.276925 0.007414 0.953472
1.379367 0.010696 1.000833
1.479534 0.023129 1.047555
1.183509 0.066391 2.042099
1.101840 0.095418 2.521935
1.188868 0.086006 2.489790
1.275687 0.081552 2.458074
1.362479 0.085367 2.426746
1.448806 0.096609 2.395723
1.863839 0.154489 2.617651
1.780784 0.152263 2.571531
1.698156 0.143232 2.526410
1.615590 0.130079 2.482167
1.532627 0.114016 2.438705
1.897349 0.125599 2.173567
1.452647 0.203274 4.023766
1.552373 0.223353 3.997062
1.653017 0.238552 3.971689
1.753957 0.245197 3.947832
2.030282 -0.029315 0.050779
2.099487 -0.036481 0.097791
1.583270 0.034174 1.017888
1.687211 0.043151 0.989346
1.791168 0.048135 0.961922
1.894983 0.047464 0.935614
1.998161 0.038099 0.910535
1.150060 0.162740 3.877881
1.253613 0.164169 3.926156
1.355050 0.178355 3.975019
1.053718 0.026758 0.787306
1.170432 0.009995 0.815689
1.281681 0.002776 0.872484
1.384673 0.006612 0.922559
1.484748 0.019042 0.970605
1.104899 0.098470 2.596718
1.191456 0.089321 2.563813
1.276786 0.085219 2.531451
1.361911 0.089223 2.499975
1.446939 0.100449 2.469137
1.858003 0.159264 2.691435
1.775147 0.156669 2.644979
1.693019 0.147357 2.599561
1.611337 0.134047 2.555144
1.529559 0.117914 2.511748
1.589558 0.029938 0.941467
1.694070 0.038633 0.913444
1.798307 0.043205 0.886480
1.902223 0.041891 0.860635
2.005336 0.031999 0.836033
1.092239 0.077644 2.072720
1.109083 0.101443 2.671982
1.196536 0.092472 2.637893
1.279853 0.088858 2.603795
1.362004 0.093085 2.571791
1.445071 0.104248 2.541508
1.851960 0.164050 2.765139
1.769048 0.161029 2.718211
1.687153 0.151384 2.672261
1.606234 0.137813 2.627332
1.525963 0.121660 2.583715
1.044091 0.021097 0.645828
1.128823 0.009313 0.689152
1.207783 0.000845 0.738160
1.294589 -0.002537 0.792257
1.393047 0.002271 0.843971
1.491638 0.015089 0.893266
1.456103 0.198299 3.947225
1.557479 0.218502 3.920746
1.659142 0.233471 3.896124
1.760015 0.239731 3.873079
1.597105 0.025529 0.864926
1.701838 0.033636 0.837508
1.806115 0.037777 0.811043
1.909955 0.036012 0.785663
2.012835 0.025771 0.761550
1.148527 0.157809 3.800684
1.254059 0.158859 3.847836
1.357514 0.173197 3.897209
2.108163 -0.042656 0.036893
1.113403 0.104403 2.748217
1.205922 0.095475 2.713979
1.288262 0.092750 2.675466
1.363328 0.096933 2.640530
1.442842 0.107927 2.611980
1.845775 0.168847 2.838833
1.762551 0.165357 2.791377
1.680446 0.155316 2.744716
1.599777 0.141245 2.698842
1.520989 0.125041 2.654230
1.500464 0.010767 0.816054
1.605848 0.020896 0.788499
1.710486 0.028589 0.761606
1.814653 0.032376 0.735569
1.918274 0.030144 0.710620
2.020622 0.019499 0.686986
1.044102 0.024776 0.716669
1.115828 0.107576 2.824994
1.211924 0.099003 2.793053
1.316530 0.098355 2.755426
1.424295 0.112204 2.745081
1.512869 0.127690 2.723792
1.839525 0.173673 2.912576
1.755893 0.169681 2.864660
1.673177 0.159204 2.817334
1.591786 0.144403 2.770306
1.833532 0.178513 2.986416
1.749428 0.174033 2.938160
1.665940 0.163000 2.890418
1.583328 0.147538 2.842697
1.501966 0.129846 2.794356
1.045004 0.017118 0.572375
1.134837 0.004498 0.618286
1.222567 -0.004837 0.665705
1.311410 -0.007575 0.715609
1.404555 -0.001981 0.766311
1.116701 0.110885 2.901362
1.211270 0.102823 2.871997
1.308785 0.102272 2.842024
1.407479 0.113329 2.816400
1.827844 0.183482 3.060332
1.743406 0.178452 3.011861
1.659380 0.166887 2.963950
1.575741 0.150892 2.916091
1.492088 0.132362 2.867472
1.510661 0.006643 0.739269
1.615549 0.016376 0.712172
1.720012 0.023606 0.685626
1.823930 0.026989 0.659907
1.927038 0.024235 0.635316
2.028620 0.013183 0.612203
1.045434 0.013159 0.497609
1.138913 -0.000198 0.544207
1.231258 -0.009961 0.591592
1.323505 -0.012351 0.640198
1.416598 -0.006123 0.689704
1.438616 0.111029 2.679245
1.117357 0.114225 2.977056
1.210043 0.106566 2.948812
1.304368 0.106014 2.920464
1.398947 0.116177 2.893028
1.822406 0.188481 3.134316
1.737839 0.183065 3.085696
1.653577 0.170997 3.037743
1.569479 0.154514 2.990054
1.484948 0.135515 2.942051
2.036800 0.006862 0.537014
2.045182 0.000473 0.461208
2.054860 -0.006756 0.385289
2.066563 -0.014360 0.310480
2.078385 -0.022066 0.237349
2.089342 -0.029465 0.166059
1.117974 0.117962 3.052310
1.209098 0.110387 3.024470
1.301386 0.109745 2.996607
1.393596 0.119544 2.968934
1.817118 0.193473 3.208324
1.732632 0.187708 3.159594
1.648398 0.175312 3.111636
1.564252 0.158516 3.064138
1.479623 0.139087 3.016711
1.521361 0.002592 0.662644
1.626016 0.011925 0.635645
1.730344 0.018697 0.609311
1.833744 0.021590 0.583796
1.936034 0.018276 0.559465
1.120895 0.013849 0.749422
1.366427 0.100463 2.699246
1.118673 0.121833 3.127281
1.208479 0.114511 3.099496
1.299209 0.113911 3.071785
1.389757 0.123337 3.044077
1.811886 0.198461 3.282315
1.727635 0.192365 3.233481
1.643649 0.179686 3.185519
1.559744 0.162679 3.138171
1.475372 0.143079 3.091140
1.045116 0.009040 0.422193
1.141459 -0.004746 0.468524
1.237272 -0.014902 0.515656
1.332790 -0.017071 0.563881
1.427464 -0.010218 0.613053
1.119498 0.125685 3.202094
1.208139 0.118604 3.174170
1.297567 0.118122 3.146426
1.386767 0.127409 3.118695
1.806570 0.203450 3.356249
1.722659 0.197017 3.307284
1.639107 0.184082 3.259305
1.555667 0.166908 3.212067
1.471795 0.147189 3.165314
1.532234 -0.001477 0.585468
1.637202 0.007511 0.558532
1.741230 0.013791 0.532510
1.843619 0.015971 0.506934
1.944917 0.012246 0.482579
1.120480 0.129519 3.276764
1.208066 0.122671 3.248580
1.296313 0.122341 3.220705
1.384314 0.131552 3.192932
1.121670 0.133323 3.351199
1.208313 0.126726 3.322633
1.295377 0.126560 3.294590
1.382233 0.135735 3.266770
1.468597 0.151356 3.239198
1.800883 0.208419 3.430075
1.717448 0.201644 3.380912
1.634504 0.188497 3.332873
1.551768 0.171155 3.285748
1.948897 -0.022464 0.058395
2.017257 -0.022898 0.112727
1.043917 0.004630 0.346366
1.142301 -0.009650 0.391910
1.241060 -0.019818 0.438068
1.340159 -0.021850 0.485627
1.437461 -0.014468 0.535095
1.144359 0.153001 3.723086
1.137272 0.148438 3.646734
1.130401 0.144329 3.572262
1.125857 0.140726 3.498775
1.123253 0.137075 3.425204
1.465625 0.155540 3.312664
1.380329 0.139917 3.340066
1.294703 0.130759 3.367785
1.208891 0.130773 3.395996
1.543614 -0.005616 0.506987
1.649376 0.003171 0.480946
1.752111 0.008880 0.455644
1.852079 0.009971 0.428294
1.953800 0.005614 0.403789
1.795090 0.213354 3.503773
1.711823 0.206261 3.454250
1.629569 0.192835 3.406031
1.547772 0.175352 3.358953
1.968590 -0.001612 0.325742
1.987232 -0.009213 0.251613
2.003034 -0.016252 0.180619
1.766930 0.234283 3.798551
1.774395 0.228868 3.724434
1.781842 0.223485 3.650751
1.788791 0.218276 3.577303
1.705309 0.210770 3.527175
1.623700 0.196977 3.478507
1.543175 0.179386 3.431304
1.462415 0.159619 3.385345
1.378317 0.144005 3.412151
1.294403 0.134904 3.439562
1.210463 0.134735 3.468250
1.856190 -0.020335 0.063852
1.930613 -0.016417 0.124132
1.719358 -0.026833 0.046217
1.776714 -0.020224 0.089078
1.843264 -0.014460 0.137079
1.913184 -0.010124 0.193312
1.854821 0.002737 0.341249
1.890433 -0.003810 0.263830
1.667109 0.228609 3.820627
1.676959 0.224024 3.745902
1.687558 0.219617 3.672374
1.697297 0.215118 3.599714
1.760803 0.003211 0.380670
1.759316 -0.002016 0.319434
1.794260 -0.004788 0.268542
1.822232 -0.009198 0.203815
1.644172 -0.031975 0.050218
1.698132 -0.023976 0.099363
1.757766 -0.016337 0.149620
1.565452 -0.038690 0.052003
1.615589 -0.029966 0.104499
1.671627 -0.021071 0.157517
1.732080 -0.012560 0.211615
1.663619 -0.001615 0.404955
1.680027 -0.006091 0.334935
1.703149 -0.009402 0.272380
1.461118 0.193541 3.868987
1.564838 0.213945 3.843620
1.782490 -0.023991 0.039781
1.360746 0.167924 3.815838
1.252431 0.153274 3.766540
1.615941 0.200756 3.550087
1.537012 0.183053 3.502280
1.458465 0.163402 3.456492
1.485485 -0.046037 0.051545
1.528969 -0.037952 0.106078
1.581406 -0.028644 0.162352
1.640881 -0.018809 0.218310
1.447069 -0.018948 0.454076
1.557030 -0.010030 0.426890
1.576090 0.210081 3.767001
1.590865 0.207033 3.692783
1.605073 0.204073 3.621026
1.469412 0.189325 3.788320
1.527607 0.185827 3.571433
1.452791 0.166630 3.525074
1.375998 0.147895 3.481907
1.579905 -0.013795 0.350440
1.609949 -0.016340 0.281752
1.295284 0.139003 3.509012
1.214465 0.138571 3.539303
1.224071 0.142451 3.610572
1.240676 0.147624 3.685718
1.373501 0.151487 3.547334
1.300136 0.143224 3.575151
1.364888 0.162026 3.723252
1.408819 -0.051265 0.048393
1.439361 -0.045719 0.102437
1.482801 -0.037834 0.163372
1.544684 -0.027205 0.224195
1.042047 0.000352 0.270495
1.141513 -0.014476 0.314836
1.241608 -0.025122 0.359645
1.344738 -0.027226 0.404643
1.320085 0.149585 3.641526
1.457002 -0.024925 0.363416
1.511883 0.187419 3.639524
1.442448 0.168536 3.589431
1.370923 0.154361 3.601080
1.488250 0.187684 3.710351
1.508889 -0.025667 0.290063
1.416632 0.167256 3.650935
1.259097 -0.047512 0.050347
1.310038 -0.048218 0.091638
1.356528 -0.044861 0.155210
1.442061 -0.036229 0.228761
1.240260 -0.030229 0.281147
1.339556 -0.038267 0.247220
1.039534 -0.003748 0.195558
1.139313 -0.019013 0.237649
1.340233 -0.032851 0.324779
1.056809 -0.015321 0.058237
1.038566 -0.007912 0.124323
1.417631 -0.033195 0.290966
1.159353 -0.034674 0.046724
1.122924 -0.024841 0.101683
1.225647 -0.039580 0.115742
1.134045 -0.022877 0.162642
1.238900 -0.035502 0.200138
1.336526 -0.052244 0.046665
1.370263 -0.049465 0.088940
1.391617 0.485571 6.069386
1.417165 0.529567 6.129743
1.467899 0.485043 6.072616
1.493189 0.528459 6.136806
1.316980 0.481851 6.069959
1.343428 0.529647 6.127112
1.554623 0.482433 6.081880
1.567543 0.532694 6.149731
1.683855 0.489790 6.127800
1.641954 0.535827 6.164679
1.239816 0.471649 6.073020
1.266847 0.525792 6.129332
1.616873 0.496525 6.122156
1.640101 0.469320 6.068380
1.160547 0.450939 6.073266
1.175368 0.513348 6.137748
1.639083 0.451164 6.070272
1.602093 0.475725 6.136555
1.562356 0.528367 6.184822
1.561525 0.443182 6.072112
1.488704 0.525578 6.191529
1.526884 0.470557 6.140606
1.639920 0.530927 6.182843
1.488164 0.431608 6.076886
1.414788 0.523157 6.201288
1.452629 0.464932 6.148638
1.681577 0.477789 6.136855
1.414277 0.419216 6.085892
1.338550 0.522145 6.211926
1.375915 0.460763 6.160237
1.282259 0.382422 6.053304
1.333305 0.412607 6.105133
1.260149 0.523829 6.216663
1.295267 0.461329 6.172166
1.194665 0.385888 6.069080
1.247145 0.416670 6.123216
1.162617 0.427334 6.133735
1.215105 0.467451 6.177952
1.181269 0.526423 6.212506
1.146178 0.474228 6.177950
1.558064 0.664017 6.159894
1.520308 0.725576 6.159623
1.482918 0.785903 6.161192
1.446282 0.845616 6.164045
1.410480 0.904835 6.168442
1.375421 0.963533 6.173954
1.340263 1.021577 6.180241
1.303973 1.079330 6.186944
1.266677 1.138194 6.193688
1.339869 1.139705 6.193335
1.412218 1.139979 6.193582
1.375983 1.080392 6.186816
1.483063 0.662766 6.149722
1.408583 0.662652 6.142553
1.446183 0.724634 6.151907
1.484620 1.139355 6.194244
1.447918 1.079998 6.187790
1.411558 1.021457 6.180914
1.557836 1.137667 6.195165
1.519783 1.078405 6.189520
1.482594 1.020556 6.183138
1.446497 0.962899 6.175889
1.333421 0.663684 6.140650
1.371642 0.725515 6.147728
1.409392 0.786090 6.155741
1.256845 0.666114 6.145554
1.295731 0.728656 6.149067
1.335016 0.788582 6.154466
1.373391 0.847039 6.161114
1.637266 0.667040 6.173212
1.595327 0.728482 6.169813
1.556076 0.788167 6.168897
1.518310 0.846864 6.169682
1.481705 0.904834 6.172219
1.635593 1.133907 6.196617
1.592042 1.074840 6.191811
1.552139 1.018928 6.186145
1.516258 0.962796 6.179429
1.338839 0.906844 6.167536
1.305379 0.964932 6.174510
1.270709 1.020822 6.181390
1.231869 1.076103 6.188386
1.189096 1.134474 6.194877
1.666916 1.066512 6.194802
1.157286 1.067577 6.191576
1.177094 0.670176 6.158835
1.217499 0.734714 6.157313
1.259157 0.794505 6.158587
1.300329 0.851151 6.162229
1.671312 0.734107 6.182927
1.551375 0.906844 6.177430
1.590395 0.850840 6.177045
1.628650 0.791976 6.178277
1.618280 1.014920 6.189513
1.582144 0.963633 6.183721
1.679393 1.001200 6.193450
1.689064 0.791887 6.188481
1.618195 0.913387 6.183677
1.668971 0.858403 6.187082
1.635588 0.965720 6.188099
1.137762 0.743697 6.174384
1.268937 0.911431 6.170042
1.227406 0.859595 6.168055
1.179855 0.805686 6.169305
1.204875 1.017231 6.184302
1.239835 0.967289 6.177554
1.144291 1.003333 6.188744
1.154073 0.875361 6.179038
1.679630 0.935641 6.191306
1.203281 0.920626 6.176092
1.187057 0.969835 6.181765
1.143476 0.940855 6.185097
1.187031 0.667197 6.218852
1.229954 0.728245 6.219795
1.269703 0.786255 6.218066
1.306222 0.843396 6.214489
1.341266 0.900961 6.210229
1.376155 0.959470 6.206145
1.411602 1.018810 6.202835
1.447756 1.078519 6.200455
1.484468 1.138632 6.199792
1.412145 1.139233 6.200677
1.339779 1.138825 6.201886
1.375847 1.078500 6.203019
1.265088 0.663624 6.223383
1.266475 1.137107 6.202682
1.303744 1.076922 6.204917
1.340467 1.018036 6.206205
1.188650 1.133400 6.202567
1.230922 1.073130 6.205481
1.270238 1.015731 6.207983
1.306629 0.958808 6.209739
1.155096 0.735759 6.213849
1.155888 1.065323 6.204313
1.338694 0.661839 6.219633
1.303091 0.724276 6.219730
1.273565 0.901383 6.212897
1.239669 0.845785 6.215256
1.201874 0.791308 6.215758
1.202209 1.010638 6.207496
1.239959 0.956864 6.210510
1.139894 0.999943 6.205490
1.178572 0.952647 6.208711
1.210161 0.901279 6.212118
1.411035 0.661121 6.209960
1.375126 0.722359 6.213088
1.340253 0.783385 6.214869
1.483385 0.661478 6.199899
1.446964 0.722054 6.203836
1.411192 0.782185 6.207340
1.376163 0.841927 6.209253
1.139519 0.801313 6.210617
1.178486 0.849392 6.212247
1.411497 0.900395 6.204685
1.446819 0.958964 6.201483
1.482682 1.017542 6.199643
1.519789 1.076437 6.198741
1.557816 1.136748 6.198983
1.557021 0.663191 6.192590
1.519133 0.723627 6.196263
1.482198 0.782728 6.199863
1.446559 0.841508 6.202620
1.128682 0.855380 6.208489
1.151929 0.900769 6.208992
1.129006 0.945714 6.206355
1.481362 0.900074 6.199483
1.516315 0.957771 6.197913
1.552898 1.014837 6.197282
1.592785 1.072529 6.197611
1.635838 1.133153 6.198759
1.635591 0.666951 6.189786
1.592334 0.727615 6.191572
1.552464 0.785328 6.194359
1.515974 0.842423 6.197026
1.668362 1.064897 6.197946
1.668355 0.735324 6.192145
1.549095 0.900161 6.195800
1.583221 0.955711 6.195666
1.621272 1.009815 6.196352
1.582941 0.844683 6.193755
1.620984 0.790512 6.192174
1.684243 0.800809 6.194291
1.684327 0.999434 6.197405
1.645076 0.951786 6.195450
1.612991 0.900236 6.194280
1.644851 0.848590 6.193464
1.695326 0.854918 6.196201
1.671926 0.900135 6.195439
1.695282 0.945275 6.197252
